tlib_ttv_small_block_parallel_openblas_order2_dim1_length = [ 1.67772e+07 3.34234e+07 4.99384e+07 6.63224e+07 8.25754e+07 9.86972e+07 1.14688e+08 1.30548e+08 1.46276e+08 1.61874e+08 1.7734e+08 1.92676e+08 2.0788e+08 2.22953e+08 2.37896e+08 2.52707e+08 2.67387e+08 2.81936e+08 2.96354e+08 3.10641e+08 3.24796e+08 3.38821e+08 3.52715e+08 3.66477e+08 3.80109e+08 3.93609e+08 4.06979e+08 4.20217e+08 4.33324e+08 4.463e+08 4.59145e+08 4.71859e+08 4.84442e+08 4.96894e+08 5.09215e+08 5.21404e+08 5.33463e+08 5.45391e+08 5.57187e+08 5.68852e+08 5.80387e+08 5.9179e+08 6.03062e+08 6.14203e+08 6.25213e+08 6.36092e+08 6.4684e+08 6.57457e+08 6.67943e+08 6.78298e+08 6.88521e+08 6.98614e+08 7.08575e+08 7.18406e+08 7.28105e+08 7.37673e+08 7.4711e+08 7.56417e+08 7.65592e+08 7.74636e+08 7.83548e+08 7.9233e+08 8.00981e+08 8.09501e+08 8.17889e+08 8.26147e+08 8.34273e+08 8.42269e+08 8.50133e+08 8.57866e+08 8.65468e+08 8.7294e+08 8.8028e+08 8.87489e+08 8.94566e+08 9.01513e+08 9.08329e+08 9.15014e+08 9.21567e+08 9.2799e+08 9.34281e+08 9.40442e+08 9.46471e+08 9.52369e+08 9.58136e+08 9.63772e+08 9.69277e+08 9.74651e+08 9.79894e+08 9.85006e+08 9.89987e+08 9.94836e+08 9.99555e+08 1.00414e+09 1.0086e+09 1.01292e+09 1.01712e+09 1.02118e+09 1.02511e+09 1.02892e+09 1.03259e+09 1.03612e+09 1.03953e+09 1.04281e+09 1.04595e+09 1.04897e+09 1.05185e+09 1.05461e+09 1.05723e+09 1.05972e+09 1.06208e+09 1.0643e+09 1.0664e+09 1.06837e+09 1.0702e+09 1.07191e+09 1.07348e+09 1.07492e+09 1.07623e+09 1.07741e+09 1.07846e+09 1.07938e+09 1.08016e+09 1.08082e+09 1.08134e+09 1.08174e+09 1.082e+09 1.08213e+09 1.08213e+09 1.082e+09 1.08174e+09 1.08134e+09 1.08082e+09 1.08016e+09 1.07938e+09 1.07846e+09 1.07741e+09 1.07623e+09 1.07492e+09 1.07348e+09 1.07191e+09 1.0702e+09 1.06837e+09 1.0664e+09 1.0643e+09 1.06208e+09 1.05972e+09 1.05723e+09 1.05461e+09 1.05185e+09 1.04897e+09 1.04595e+09 1.04281e+09 1.03953e+09 1.03612e+09 1.03259e+09 1.02892e+09 1.02511e+09 1.02118e+09 1.01712e+09 1.01292e+09 1.0086e+09 1.00414e+09 9.99555e+08 9.94836e+08 9.89987e+08 9.85006e+08 9.79894e+08 9.74651e+08 9.69277e+08 9.63772e+08 9.58136e+08 9.52369e+08 9.46471e+08 9.40442e+08 9.34281e+08 9.2799e+08 9.21567e+08 9.15014e+08 9.08329e+08 9.01513e+08 8.94566e+08 8.87489e+08 8.8028e+08 8.7294e+08 8.65468e+08 8.57866e+08 8.50133e+08 8.42269e+08 8.34273e+08 8.26147e+08 8.17889e+08 8.09501e+08 8.00981e+08 7.9233e+08 7.83548e+08 7.74636e+08 7.65592e+08 7.56417e+08 7.4711e+08 7.37673e+08 7.28105e+08 7.18406e+08 7.08575e+08 6.98614e+08 6.88521e+08 6.78298e+08 6.67943e+08 6.57457e+08 6.4684e+08 6.36092e+08 6.25213e+08 6.14203e+08 6.03062e+08 5.9179e+08 5.80387e+08 5.68852e+08 5.57187e+08 5.45391e+08 5.33463e+08 5.21404e+08 5.09215e+08 4.96894e+08 4.84442e+08 4.71859e+08 4.59145e+08 4.463e+08 4.33324e+08 4.20217e+08 4.06979e+08 3.93609e+08 3.80109e+08 3.66477e+08 3.52715e+08 3.38821e+08 3.24796e+08 3.10641e+08 2.96354e+08 2.81936e+08 2.67387e+08 2.52707e+08 2.37896e+08 2.22953e+08 2.0788e+08 1.92676e+08 1.7734e+08 1.61874e+08 1.46276e+08 1.30548e+08 1.14688e+08 9.86972e+07 8.25754e+07 6.63224e+07 4.99384e+07 3.34234e+07 1.67772e+07 ];
tlib_ttv_small_block_parallel_openblas_order2_dim1_size = [ 64 127.5 190.5 253 315 376.5 437.5 498 558 617.5 676.5 735 793 850.5 907.5 964 1020 1075.5 1130.5 1185 1239 1292.5 1345.5 1398 1450 1501.5 1552.5 1603 1653 1702.5 1751.5 1800 1848 1895.5 1942.5 1989 2035 2080.5 2125.5 2170 2214 2257.5 2300.5 2343 2385 2426.5 2467.5 2508 2548 2587.5 2626.5 2665 2703 2740.5 2777.5 2814 2850 2885.5 2920.5 2955 2989 3022.5 3055.5 3088 3120 3151.5 3182.5 3213 3243 3272.5 3301.5 3330 3358 3385.5 3412.5 3439 3465 3490.5 3515.5 3540 3564 3587.5 3610.5 3633 3655 3676.5 3697.5 3718 3738 3757.5 3776.5 3795 3813 3830.5 3847.5 3864 3880 3895.5 3910.5 3925 3939 3952.5 3965.5 3978 3990 4001.5 4012.5 4023 4033 4042.5 4051.5 4060 4068 4075.5 4082.5 4089 4095 4100.5 4105.5 4110 4114 4117.5 4120.5 4123 4125 4126.5 4127.5 4128 4128 4127.5 4126.5 4125 4123 4120.5 4117.5 4114 4110 4105.5 4100.5 4095 4089 4082.5 4075.5 4068 4060 4051.5 4042.5 4033 4023 4012.5 4001.5 3990 3978 3965.5 3952.5 3939 3925 3910.5 3895.5 3880 3864 3847.5 3830.5 3813 3795 3776.5 3757.5 3738 3718 3697.5 3676.5 3655 3633 3610.5 3587.5 3564 3540 3515.5 3490.5 3465 3439 3412.5 3385.5 3358 3330 3301.5 3272.5 3243 3213 3182.5 3151.5 3120 3088 3055.5 3022.5 2989 2955 2920.5 2885.5 2850 2814 2777.5 2740.5 2703 2665 2626.5 2587.5 2548 2508 2467.5 2426.5 2385 2343 2300.5 2257.5 2214 2170 2125.5 2080.5 2035 1989 1942.5 1895.5 1848 1800 1751.5 1702.5 1653 1603 1552.5 1501.5 1450 1398 1345.5 1292.5 1239 1185 1130.5 1075.5 1020 964 907.5 850.5 793 735 676.5 617.5 558 498 437.5 376.5 315 253 190.5 127.5 64 ];
tlib_ttv_small_block_parallel_openblas_order2_dim1_order = [ 2 2 2 2 2 2 2 2 2 2 2 2 2 2 2 2 2 2 2 2 2 2 2 2 2 2 2 2 2 2 2 2 2 2 2 2 2 2 2 2 2 2 2 2 2 2 2 2 2 2 2 2 2 2 2 2 2 2 2 2 2 2 2 2 2 2 2 2 2 2 2 2 2 2 2 2 2 2 2 2 2 2 2 2 2 2 2 2 2 2 2 2 2 2 2 2 2 2 2 2 2 2 2 2 2 2 2 2 2 2 2 2 2 2 2 2 2 2 2 2 2 2 2 2 2 2 2 2 2 2 2 2 2 2 2 2 2 2 2 2 2 2 2 2 2 2 2 2 2 2 2 2 2 2 2 2 2 2 2 2 2 2 2 2 2 2 2 2 2 2 2 2 2 2 2 2 2 2 2 2 2 2 2 2 2 2 2 2 2 2 2 2 2 2 2 2 2 2 2 2 2 2 2 2 2 2 2 2 2 2 2 2 2 2 2 2 2 2 2 2 2 2 2 2 2 2 2 2 2 2 2 2 2 2 2 2 2 2 2 2 2 2 2 2 2 2 2 2 2 2 2 2 2 2 2 2 ];
tlib_ttv_small_block_parallel_openblas_order2_dim1_time = [ 0.00101995 0.00253884 0.00330248 0.00443573 0.00554459 0.00665862 0.0076586 0.00888217 0.00979787 0.0109674 0.0119314 0.0126878 0.0140481 0.0149999 0.0174584 0.0169849 0.0174838 0.0189314 0.0200145 0.0209421 0.0218163 0.0222 0.0237386 0.0246841 0.0256589 0.0264525 0.0266172 0.0282221 0.0292054 0.0300708 0.0307165 0.0306881 0.032408 0.0334025 0.0343247 0.0355185 0.0348056 0.0366747 0.0380522 0.0384701 0.0389916 0.038526 0.0406936 0.0414427 0.0423605 0.0428558 0.0423338 0.0443149 0.0452072 0.0459181 0.0463221 0.0460273 0.0575502 0.0528511 0.0494608 0.0497253 0.050033 0.0513697 0.0521041 0.0528331 0.0526169 0.0520054 0.0574864 0.0549602 0.0775269 0.0554753 0.0661384 0.0570756 0.0582686 0.0585541 0.0592024 0.0574864 0.0603904 0.061022 0.0612263 0.0612383 0.0604204 0.0623368 0.0731378 0.0683966 0.0636531 0.0621471 0.0647944 0.0657506 0.0704233 0.0657399 0.0644986 0.0668746 0.0677366 0.0675506 0.067581 0.066178 0.0684353 0.0693849 0.0692769 0.06916 0.0671504 0.0701657 0.0711615 0.0710787 0.0710918 0.0690878 0.0717742 0.0728265 0.0729331 0.0724089 0.0706521 0.0733189 0.0738553 0.0733864 0.073341 0.0711124 0.0739668 0.0748559 0.0873737 0.110215 0.0726969 0.0753989 0.075704 0.0755138 0.0757989 0.0734019 0.0766124 0.0769406 0.0783044 0.0763201 0.0737935 0.0773588 0.0787979 0.0766206 0.0768227 0.0732368 0.0772403 0.0777063 0.076726 0.0767516 0.073938 0.0766133 0.0764862 0.076112 0.0756733 0.0728375 0.0759906 0.0760602 0.0753262 0.0753507 0.0727742 0.0755572 0.0749636 0.0748295 0.0748046 0.0705843 0.0743616 0.0739678 0.0741668 0.0737378 0.0714213 0.0737779 0.0741981 0.0726734 0.0731132 0.0684765 0.072042 0.0730634 0.0722982 0.0705081 0.0673238 0.0698585 0.0700946 0.0693617 0.0681237 0.0642705 0.0686393 0.0695605 0.0674352 0.066065 0.0614486 0.065772 0.066264 0.0655295 0.0637223 0.0605843 0.0645326 0.0642563 0.0635279 0.0615903 0.0587881 0.0609486 0.060999 0.0598342 0.0586453 0.0548032 0.0587227 0.0580058 0.0576083 0.0556143 0.0547049 0.0556223 0.0565791 0.0551377 0.0540439 0.0497919 0.0529454 0.0526651 0.0519628 0.0501005 0.0475309 0.0494431 0.0493723 0.048657 0.0468188 0.0424678 0.0470842 0.0460072 0.0451952 0.0437794 0.0428443 0.0425204 0.0424237 0.0414126 0.0396622 0.0362211 0.0383656 0.0378153 0.0381541 0.0356958 0.0326656 0.0339106 0.035572 0.0326163 0.0313655 0.0280403 0.0328589 0.0291531 0.0287349 0.0263105 0.0271435 0.0254377 0.0266543 0.0249982 0.0236262 0.0213295 0.0221029 0.0195135 0.0196352 0.0166987 0.014448 0.0143322 0.0133558 0.0116877 0.00996414 0.00788986 0.00762205 0.00660579 0.00668644 0.00376053 ];
