tlib_ttv_small_block_parallel_mkl_order2_dim2_length = [ 4.1943e+06 8.38861e+06 1.25829e+07 1.67772e+07 2.09715e+07 2.51658e+07 2.93601e+07 3.35544e+07 3.77487e+07 4.1943e+07 4.61373e+07 5.03316e+07 5.4526e+07 5.87203e+07 6.29146e+07 6.71089e+07 ];
tlib_ttv_small_block_parallel_mkl_order2_dim2_size = [ 16 32 48 64 80 96 112 128 144 160 176 192 208 224 240 256 ];
tlib_ttv_small_block_parallel_mkl_order2_dim2_order = [ 3 3 3 3 3 3 3 3 3 3 3 3 3 3 3 3 ];
tlib_ttv_small_block_parallel_mkl_order2_dim2_time = [ 0.000166001 0.000429408 0.000693889 0.000946665 0.00123798 0.00149694 0.001768 0.00213992 0.00249268 0.00281461 0.00297099 0.00323683 0.00366208 0.00386135 0.00423113 0.00426778 ];
tlib_ttv_small_block_parallel_mkl_order2_dim2_ops = [ 8.37222e+06 1.67444e+07 2.51167e+07 3.34889e+07 4.18611e+07 5.02333e+07 5.86056e+07 6.69778e+07 7.535e+07 8.37222e+07 9.20945e+07 1.00467e+08 1.08839e+08 1.17211e+08 1.25583e+08 1.33956e+08 ];
tlib_ttv_small_block_parallel_openblas_order2_dim2_length = [ 4.1943e+06 8.38861e+06 1.25829e+07 1.67772e+07 2.09715e+07 2.51658e+07 2.93601e+07 3.35544e+07 3.77487e+07 4.1943e+07 4.61373e+07 5.03316e+07 5.4526e+07 5.87203e+07 6.29146e+07 6.71089e+07 ];
tlib_ttv_small_block_parallel_openblas_order2_dim2_size = [ 16 32 48 64 80 96 112 128 144 160 176 192 208 224 240 256 ];
tlib_ttv_small_block_parallel_openblas_order2_dim2_order = [ 3 3 3 3 3 3 3 3 3 3 3 3 3 3 3 3 ];
tlib_ttv_small_block_parallel_openblas_order2_dim2_time = [ 0.000164439 0.000427513 0.000672113 0.00096001 0.00121197 0.00148384 0.00174335 0.00201226 0.00228229 0.00251986 0.00280081 0.00304421 0.00331404 0.00359098 0.00387399 0.00409642 ];
tlib_ttv_small_block_parallel_openblas_order2_dim2_ops = [ 8.37222e+06 1.67444e+07 2.51167e+07 3.34889e+07 4.18611e+07 5.02333e+07 5.86056e+07 6.69778e+07 7.535e+07 8.37222e+07 9.20945e+07 1.00467e+08 1.08839e+08 1.17211e+08 1.25583e+08 1.33956e+08 ];
