tlib_ttv_small_block_parallel_mkl_order2_dim1_length = [ 4.1943e+06 8.38861e+06 1.25829e+07 1.67772e+07 2.09715e+07 2.51658e+07 2.93601e+07 3.35544e+07 3.77487e+07 4.1943e+07 4.61373e+07 5.03316e+07 5.4526e+07 5.87203e+07 6.29146e+07 6.71089e+07 ];
tlib_ttv_small_block_parallel_mkl_order2_dim1_size = [ 16 32 48 64 80 96 112 128 144 160 176 192 208 224 240 256 ];
tlib_ttv_small_block_parallel_mkl_order2_dim1_order = [ 3 3 3 3 3 3 3 3 3 3 3 3 3 3 3 3 ];
tlib_ttv_small_block_parallel_mkl_order2_dim1_time = [ 0.000287931 0.000571941 0.000906024 0.00121788 0.00161452 0.00193448 0.00242294 0.00245547 0.00276886 0.00335607 0.00375883 0.0038974 0.00454125 0.00451829 0.00500203 0.00521335 ];
tlib_ttv_small_block_parallel_mkl_order2_dim1_ops = [ 8.12646e+06 1.65151e+07 2.49037e+07 3.32923e+07 4.16809e+07 5.00695e+07 5.84581e+07 6.68467e+07 7.52353e+07 8.36239e+07 9.20125e+07 1.00401e+08 1.0879e+08 1.17178e+08 1.25567e+08 1.33956e+08 ];
tlib_ttv_small_block_parallel_openblas_order2_dim1_length = [ 4.1943e+06 8.38861e+06 1.25829e+07 1.67772e+07 2.09715e+07 2.51658e+07 2.93601e+07 3.35544e+07 3.77487e+07 4.1943e+07 4.61373e+07 5.03316e+07 5.4526e+07 5.87203e+07 6.29146e+07 6.71089e+07 ];
tlib_ttv_small_block_parallel_openblas_order2_dim1_size = [ 16 32 48 64 80 96 112 128 144 160 176 192 208 224 240 256 ];
tlib_ttv_small_block_parallel_openblas_order2_dim1_order = [ 3 3 3 3 3 3 3 3 3 3 3 3 3 3 3 3 ];
tlib_ttv_small_block_parallel_openblas_order2_dim1_time = [ 0.00028078 0.000589993 0.000963358 0.0012814 0.0015841 0.00201622 0.00233805 0.00276493 0.00320417 0.00343744 0.00351289 0.0040491 0.00451274 0.00454665 0.00517094 0.00526525 ];
tlib_ttv_small_block_parallel_openblas_order2_dim1_ops = [ 8.12646e+06 1.65151e+07 2.49037e+07 3.32923e+07 4.16809e+07 5.00695e+07 5.84581e+07 6.68467e+07 7.52353e+07 8.36239e+07 9.20125e+07 1.00401e+08 1.0879e+08 1.17178e+08 1.25567e+08 1.33956e+08 ];
