tlib_ttv_small_block_parallel_mkl_order1_dim2_length = [ 4.1943e+06 8.38861e+06 1.25829e+07 1.67772e+07 2.09715e+07 2.51658e+07 2.93601e+07 3.35544e+07 3.77487e+07 4.1943e+07 4.61373e+07 5.03316e+07 5.4526e+07 5.87203e+07 6.29146e+07 6.71089e+07 ];
tlib_ttv_small_block_parallel_mkl_order1_dim2_size = [ 16 32 48 64 80 96 112 128 144 160 176 192 208 224 240 256 ];
tlib_ttv_small_block_parallel_mkl_order1_dim2_order = [ 3 3 3 3 3 3 3 3 3 3 3 3 3 3 3 3 ];
tlib_ttv_small_block_parallel_mkl_order1_dim2_time = [ 0.00240647 0.00195012 0.0022181 0.00267835 0.00279768 0.00307927 0.00323586 0.00325165 0.0037154 0.00374747 0.00419477 0.00428529 0.00427952 0.00479774 0.00465457 0.00518072 ];
tlib_ttv_small_block_parallel_mkl_order1_dim2_ops = [ 8.37222e+06 1.67444e+07 2.51167e+07 3.34889e+07 4.18611e+07 5.02333e+07 5.86056e+07 6.69778e+07 7.535e+07 8.37222e+07 9.20945e+07 1.00467e+08 1.08839e+08 1.17211e+08 1.25583e+08 1.33956e+08 ];
tlib_ttv_small_block_parallel_openblas_order1_dim2_length = [ 4.1943e+06 8.38861e+06 1.25829e+07 1.67772e+07 2.09715e+07 2.51658e+07 2.93601e+07 3.35544e+07 3.77487e+07 4.1943e+07 4.61373e+07 5.03316e+07 5.4526e+07 5.87203e+07 6.29146e+07 6.71089e+07 ];
tlib_ttv_small_block_parallel_openblas_order1_dim2_size = [ 16 32 48 64 80 96 112 128 144 160 176 192 208 224 240 256 ];
tlib_ttv_small_block_parallel_openblas_order1_dim2_order = [ 3 3 3 3 3 3 3 3 3 3 3 3 3 3 3 3 ];
tlib_ttv_small_block_parallel_openblas_order1_dim2_time = [ 0.0144347 0.00195482 0.00218921 0.0025324 0.00261131 0.00295937 0.00294446 0.00333911 0.00340402 0.00394043 0.00369308 0.00422867 0.00434581 0.00447082 0.00501479 0.00528211 ];
tlib_ttv_small_block_parallel_openblas_order1_dim2_ops = [ 8.37222e+06 1.67444e+07 2.51167e+07 3.34889e+07 4.18611e+07 5.02333e+07 5.86056e+07 6.69778e+07 7.535e+07 8.37222e+07 9.20945e+07 1.00467e+08 1.08839e+08 1.17211e+08 1.25583e+08 1.33956e+08 ];
