tlib_ttv_small_block_parallel_mkl_order1_dim1_length = [ 4.1943e+06 8.38861e+06 1.25829e+07 1.67772e+07 2.09715e+07 2.51658e+07 2.93601e+07 3.35544e+07 3.77487e+07 4.1943e+07 4.61373e+07 5.03316e+07 5.4526e+07 5.87203e+07 6.29146e+07 6.71089e+07 ];
tlib_ttv_small_block_parallel_mkl_order1_dim1_size = [ 16 32 48 64 80 96 112 128 144 160 176 192 208 224 240 256 ];
tlib_ttv_small_block_parallel_mkl_order1_dim1_order = [ 3 3 3 3 3 3 3 3 3 3 3 3 3 3 3 3 ];
tlib_ttv_small_block_parallel_mkl_order1_dim1_time = [ 0.00530774 0.00079374 0.000969329 0.00111758 0.00131042 0.00159436 0.00179581 0.00208023 0.0025732 0.00292979 0.00311403 0.0032969 0.00360939 0.00391446 0.00404922 0.00427679 ];
tlib_ttv_small_block_parallel_mkl_order1_dim1_ops = [ 8.12646e+06 1.65151e+07 2.49037e+07 3.32923e+07 4.16809e+07 5.00695e+07 5.84581e+07 6.68467e+07 7.52353e+07 8.36239e+07 9.20125e+07 1.00401e+08 1.0879e+08 1.17178e+08 1.25567e+08 1.33956e+08 ];
tlib_ttv_small_block_parallel_openblas_order1_dim1_length = [ 4.1943e+06 8.38861e+06 1.25829e+07 1.67772e+07 2.09715e+07 2.51658e+07 2.93601e+07 3.35544e+07 3.77487e+07 4.1943e+07 4.61373e+07 5.03316e+07 5.4526e+07 5.87203e+07 6.29146e+07 6.71089e+07 ];
tlib_ttv_small_block_parallel_openblas_order1_dim1_size = [ 16 32 48 64 80 96 112 128 144 160 176 192 208 224 240 256 ];
tlib_ttv_small_block_parallel_openblas_order1_dim1_order = [ 3 3 3 3 3 3 3 3 3 3 3 3 3 3 3 3 ];
tlib_ttv_small_block_parallel_openblas_order1_dim1_time = [ 0.000492576 0.000761422 0.000925493 0.00106671 0.00127789 0.0015031 0.00176363 0.00204922 0.0022789 0.00255895 0.00279932 0.00305585 0.00332337 0.00359284 0.00390664 0.00411506 ];
tlib_ttv_small_block_parallel_openblas_order1_dim1_ops = [ 8.12646e+06 1.65151e+07 2.49037e+07 3.32923e+07 4.16809e+07 5.00695e+07 5.84581e+07 6.68467e+07 7.52353e+07 8.36239e+07 9.20125e+07 1.00401e+08 1.0879e+08 1.17178e+08 1.25567e+08 1.33956e+08 ];
